# Array Size	Time Taken (microseconds) - Miss
1000	0.70
2000	1.30
3000	2.00
4000	2.60
5000	3.30
6000	3.90
7000	4.50
8000	5.20
9000	5.90
10000	6.50
11000	7.10
12000	7.80
13000	8.50
14000	9.10
15000	9.70
16000	10.40
17000	13.00
18000	12.20
19000	12.50
20000	13.20
21000	14.30
22000	14.90
23000	15.60
24000	16.80
25000	17.20
26000	17.90
27000	18.40
28000	19.10
29000	20.10
30000	20.00
31000	20.60
32000	21.10
33000	21.80
34000	22.30
35000	22.90
36000	23.40
37000	24.50
38000	24.60
39000	26.00
40000	26.90
41000	27.20
42000	28.20
43000	28.20
44000	28.40
45000	29.10
46000	29.70
47000	31.20
48000	31.00
49000	32.30
50000	32.30
51000	33.00
52000	33.60
53000	34.50
54000	35.20
55000	36.40
56000	36.50
57000	37.00
58000	38.20
59000	38.30
60000	39.40
61000	39.80
62000	40.40
63000	41.00
64000	41.80
65000	43.40
66000	43.10
67000	43.60
68000	44.30
69000	45.00
70000	46.20
71000	46.50
72000	47.20
73000	47.80
74000	48.70
75000	50.20
76000	49.50
77000	51.10
78000	51.40
79000	52.00
80000	52.20
81000	54.70
82000	53.50
83000	54.10
84000	54.80
85000	57.00
86000	56.30
87000	56.80
88000	58.70
89000	58.60
90000	59.60
91000	59.60
92000	60.30
93000	61.50
94000	61.50
95000	62.20
96000	62.80
97000	63.50
98000	64.60
99000	65.40
100000	66.00
101000	68.90
102000	67.80
103000	67.50
104000	68.10
105000	69.70
106000	69.40
107000	70.60
108000	71.40
109000	72.00
110000	72.00
111000	74.70
112000	73.30
113000	74.00
114000	74.60
115000	75.80
116000	76.30
117000	78.70
118000	77.30
119000	78.40
120000	79.70
121000	79.30
122000	79.90
123000	80.60
124000	81.20
125000	83.10
126000	82.50
127000	84.10
128000	83.80
129000	85.00
130000	85.60
131000	85.70
132000	87.10
133000	87.70
134000	89.00
135000	89.00
136000	90.30
137000	92.30
138000	90.40
139000	91.50
140000	92.00
141000	93.90
142000	93.40
143000	94.70
144000	94.30
145000	96.90
146000	96.60
147000	96.70
148000	97.40
149000	97.50
150000	98.20
151000	99.30
152000	100.20
153000	101.50
154000	101.90
155000	101.90
156000	103.10
157000	104.80
158000	103.90
159000	104.80
160000	107.50
161000	106.20
162000	107.30
163000	107.20
164000	109.10
165000	111.30
166000	108.80
167000	110.20
168000	110.50
169000	110.60
170000	111.30
171000	113.70
172000	113.20
173000	115.10
174000	115.20
175000	115.90
176000	116.40
177000	117.40
178000	117.80
179000	119.90
180000	118.70
181000	119.90
182000	120.60
183000	122.60
184000	122.30
185000	125.10
186000	123.50
187000	123.00
188000	124.00
189000	125.90
190000	125.00
191000	126.80
192000	126.90
193000	129.10
194000	128.30
195000	128.30
196000	130.10
197000	130.30
198000	130.80
199000	131.70
200000	134.60
201000	134.40
202000	133.70
203000	134.10
204000	134.20
205000	137.20
206000	135.60
207000	136.10
208000	137.10
209000	138.40
210000	139.40
211000	139.40
212000	141.50
213000	142.20
214000	141.10
215000	145.30
216000	142.60
217000	143.70
218000	145.00
219000	144.70
220000	145.70
221000	146.10
222000	147.10
223000	148.20
224000	147.40
225000	148.80
226000	149.40
227000	149.30
228000	151.30
229000	152.60
230000	152.60
231000	152.00
232000	153.90
233000	154.00
234000	157.20
235000	156.40
236000	156.00
237000	159.00
238000	158.40
239000	159.10
240000	159.70
241000	159.30
242000	163.50
243000	163.60
244000	161.30
245000	162.50
246000	163.10
247000	163.80
248000	164.10
249000	165.30
250000	164.60
251000	169.40
252000	166.10
253000	166.50
254000	169.10
255000	170.70
256000	169.20
257000	169.80
258000	171.40
259000	171.70
260000	172.60
261000	173.80
262000	174.30
263000	174.30
264000	174.70
265000	176.70
266000	176.40
267000	176.90
268000	179.40
269000	178.40
270000	179.20
271000	179.90
272000	185.10
273000	180.90
274000	181.60
275000	181.80
276000	207.40
277000	183.00
278000	183.60
279000	185.30
280000	186.60
281000	187.20
282000	187.70
283000	188.50
284000	188.70
285000	190.40
286000	190.20
287000	193.40
288000	192.60
289000	193.10
290000	191.50
291000	195.30
292000	214.70
293000	193.10
294000	196.60
295000	195.60
296000	196.20
297000	196.30
298000	198.10
299000	203.20
300000	199.30
301000	202.10
302000	201.30
303000	201.70
304000	201.20
305000	201.80
306000	205.00
307000	204.40
308000	205.30
309000	205.00
310000	211.50
311000	206.70
312000	208.10
313000	207.80
314000	209.10
315000	213.10
316000	211.10
317000	212.50
318000	212.10
319000	214.90
320000	214.60
321000	215.80
322000	212.90
323000	215.50
324000	218.50
325000	219.60
326000	218.20
327000	219.00
328000	222.70
329000	216.60
330000	219.30
331000	217.80
332000	222.40
333000	220.20
334000	223.20
335000	220.50
336000	224.20
337000	221.90
338000	225.40
339000	225.30
340000	224.40
341000	225.60
342000	226.30
343000	226.70
344000	227.30
345000	227.60
346000	228.70
347000	230.80
348000	232.30
349000	232.40
350000	233.90
351000	233.30
352000	232.20
353000	235.40
354000	234.60
355000	235.80
356000	238.10
357000	236.00
358000	236.10
359000	239.10
360000	258.70
361000	260.90
362000	263.80
363000	256.80
364000	243.30
365000	241.60
366000	243.20
367000	243.60
368000	245.30
369000	244.80
370000	246.10
371000	245.20
372000	247.20
373000	249.00
374000	248.60
375000	249.20
376000	251.30
377000	254.10
378000	252.20
379000	253.40
380000	251.70
381000	253.60
382000	252.60
383000	253.80
384000	258.40
385000	258.10
386000	256.60
387000	258.90
388000	258.00
389000	258.20
390000	257.90
391000	260.60
392000	260.70
393000	259.20
394000	263.80
395000	263.30
396000	261.50
397000	262.80
398000	265.40
399000	264.80
400000	265.60
401000	266.20
402000	268.40
403000	269.10
404000	266.80
405000	271.80
406000	269.70
407000	269.30
408000	272.60
409000	271.90
410000	271.30
411000	275.00
412000	271.80
413000	274.70
414000	275.40
415000	275.10
416000	278.80
417000	277.40
418000	275.90
419000	278.50
420000	281.40
421000	285.40
422000	278.90
423000	279.90
424000	282.30
425000	282.50
426000	282.70
427000	282.00
428000	283.30
429000	284.90
430000	285.10
431000	290.40
432000	286.30
433000	287.00
434000	287.70
435000	288.70
436000	291.30
437000	290.60
438000	290.00
439000	291.70
440000	291.70
441000	294.90
442000	292.80
443000	293.70
444000	295.60
445000	295.70
446000	295.00
447000	297.20
448000	299.30
449000	297.50
450000	299.60
451000	299.30
452000	301.00
453000	300.80
454000	299.80
455000	303.90
456000	303.50
457000	301.60
458000	303.20
459000	304.40
460000	307.00
461000	304.50
462000	308.60
463000	306.10
464000	306.80
465000	309.40
466000	308.30
467000	309.10
468000	308.90
469000	309.40
470000	314.30
471000	314.20
472000	312.50
473000	313.60
474000	313.20
475000	315.80
476000	315.90
477000	321.80
478000	318.20
479000	317.30
480000	323.90
481000	321.30
482000	320.70
483000	320.40
484000	322.80
485000	320.90
486000	321.40
487000	321.90
488000	323.90
489000	324.90
490000	325.00
491000	327.70
492000	326.10
493000	328.80
494000	326.80
495000	327.00
496000	331.00
497000	328.60
498000	330.50
499000	330.30
500000	334.50
501000	332.60
502000	333.80
503000	333.80
504000	334.40
505000	335.10
506000	336.00
507000	339.20
508000	336.80
509000	337.40
510000	339.70
511000	339.10
512000	339.50
513000	340.60
514000	341.60
515000	342.20
516000	344.70
517000	343.30
518000	344.40
519000	345.20
520000	346.40
521000	345.00
522000	378.10
523000	378.50
524000	382.00
525000	381.00
526000	389.20
527000	383.30
528000	385.60
529000	351.90
530000	354.20
531000	354.50
532000	354.20
533000	357.20
534000	356.50
535000	355.40
536000	356.40
537000	357.20
538000	357.40
539000	357.30
540000	359.60
541000	359.90
542000	359.50
543000	360.40
544000	364.00
545000	361.00
546000	364.10
547000	361.60
548000	365.10
549000	363.40
550000	363.20
551000	365.00
552000	365.80
553000	366.50
554000	366.10
555000	369.20
556000	368.30
557000	371.60
558000	370.00
559000	372.20
560000	370.50
561000	372.60
562000	374.90
563000	375.30
564000	373.80
565000	394.80
566000	374.90
567000	377.80
568000	376.10
569000	378.30
570000	377.80
571000	381.20
572000	379.50
573000	381.10
574000	381.20
575000	380.90
576000	383.60
577000	383.70
578000	383.30
579000	384.10
580000	383.40
581000	386.50
582000	386.50
583000	386.10
584000	386.90
585000	387.00
586000	388.40
587000	392.60
588000	392.00
589000	390.40
590000	390.20
591000	391.30
592000	394.00
593000	392.50
594000	396.80
595000	394.90
596000	398.40
597000	394.70
598000	395.30
599000	396.90
600000	396.90
601000	401.60
602000	400.70
603000	406.60
604000	406.30
605000	410.90
606000	408.70
607000	410.90
608000	410.70
609000	406.40
610000	411.10
611000	409.10
612000	409.40
613000	402.50
614000	407.20
615000	417.60
616000	416.30
617000	418.80
618000	417.30
619000	419.90
620000	419.70
621000	421.30
622000	418.30
623000	420.90
624000	419.50
625000	420.60
626000	422.40
627000	426.40
628000	427.30
629000	422.70
630000	428.20
631000	423.50
632000	428.50
633000	431.20
634000	427.70
635000	431.20
636000	427.30
637000	428.50
638000	430.30
639000	431.40
640000	433.80
641000	433.70
642000	432.10
643000	438.90
644000	434.20
645000	439.10
646000	439.90
647000	436.10
648000	442.20
649000	438.00
650000	511.60
651000	440.80
652000	438.40
653000	451.80
654000	451.90
655000	500.50
656000	449.20
657000	427.20
658000	432.50
659000	435.90
660000	438.90
661000	436.40
662000	438.40
663000	438.90
664000	440.80
665000	442.80
666000	440.70
667000	445.10
668000	441.60
669000	444.00
670000	448.80
671000	445.90
672000	447.70
673000	446.30
674000	448.70
675000	480.40
676000	442.80
677000	444.60
678000	455.10
679000	443.00
680000	446.20
681000	452.70
682000	450.80
683000	454.60
684000	453.50
685000	454.40
686000	456.30
687000	454.10
688000	458.90
689000	458.00
690000	459.40
691000	457.40
692000	458.80
693000	459.20
694000	461.40
695000	463.00
696000	461.50
697000	461.70
698000	467.50
699000	465.50
700000	465.60
701000	466.60
702000	469.60
703000	468.00
704000	468.00
705000	470.50
706000	469.50
707000	480.30
708000	576.80
709000	474.90
710000	478.60
711000	484.40
712000	487.20
713000	484.70
714000	487.60
715000	484.40
716000	485.80
717000	487.20
718000	483.00
719000	485.50
720000	489.80
721000	485.70
722000	487.90
723000	491.30
724000	490.30
725000	488.20
726000	489.70
727000	492.70
728000	490.60
729000	495.00
730000	492.50
731000	492.60
732000	480.30
733000	483.50
734000	485.90
735000	477.10
736000	481.20
737000	488.50
738000	487.60
739000	491.90
740000	490.10
741000	491.30
742000	492.80
743000	493.10
744000	493.80
745000	531.40
746000	549.40
747000	535.10
748000	544.70
749000	549.40
750000	529.80
751000	500.10
752000	502.30
753000	499.60
754000	501.20
755000	504.00
756000	501.50
757000	501.10
758000	507.10
759000	503.10
760000	502.40
761000	508.30
762000	504.40
763000	505.70
764000	506.30
765000	506.10
766000	509.30
767000	619.50
768000	508.90
769000	512.10
770000	510.40
771000	517.10
772000	524.70
773000	511.70
774000	516.80
775000	515.20
776000	515.60
777000	514.90
778000	517.20
779000	519.70
780000	516.10
781000	519.50
782000	520.50
783000	517.10
784000	520.60
785000	522.00
786000	520.80
787000	522.00
788000	520.80
789000	527.00
790000	524.40
791000	522.40
792000	526.10
793000	527.20
794000	524.20
795000	525.70
796000	528.90
797000	529.50
798000	529.20
799000	530.70
800000	536.90
801000	532.00
802000	531.90
803000	529.70
804000	533.30
805000	531.40
806000	537.00
807000	536.60
808000	537.60
809000	535.60
810000	536.10
811000	540.10
812000	542.70
813000	538.50
814000	542.60
815000	541.40
816000	542.90
817000	540.30
818000	545.60
819000	548.10
820000	543.00
821000	544.20
822000	546.00
823000	547.90
824000	543.70
825000	548.90
826000	546.10
827000	549.90
828000	549.00
829000	548.00
830000	551.90
831000	555.50
832000	552.10
833000	552.10
834000	554.50
835000	557.70
836000	610.70
837000	597.90
838000	604.60
839000	604.80
840000	583.40
841000	558.90
842000	561.60
843000	556.70
844000	562.00
845000	563.00
846000	560.20
847000	562.90
848000	563.40
849000	565.10
850000	564.60
851000	563.70
852000	562.40
853000	564.20
854000	573.50
855000	565.20
856000	565.80
857000	568.80
858000	570.60
859000	571.60
860000	570.00
861000	569.80
862000	572.60
863000	591.70
864000	577.30
865000	573.10
866000	572.90
867000	574.00
868000	577.80
869000	575.70
870000	577.90
871000	575.30
872000	580.80
873000	581.50
874000	581.00
875000	578.70
876000	579.50
877000	580.90
878000	584.80
879000	585.10
880000	583.50
881000	583.70
882000	587.00
883000	587.80
884000	586.20
885000	589.30
886000	591.90
887000	589.80
888000	586.80
889000	587.80
890000	586.70
891000	587.60
892000	589.40
893000	593.40
894000	591.70
895000	598.10
896000	604.70
897000	607.10
898000	608.00
899000	608.50
900000	607.70
901000	607.50
902000	607.60
903000	608.80
904000	614.00
905000	611.90
906000	612.90
907000	612.60
908000	612.40
909000	614.30
910000	614.80
911000	612.30
912000	614.20
913000	616.50
914000	601.40
915000	603.00
916000	637.90
917000	669.60
918000	660.80
919000	667.90
920000	611.90
921000	610.00
922000	612.20
923000	614.30
924000	614.20
925000	614.10
926000	612.50
927000	614.90
928000	615.00
929000	616.60
930000	616.00
931000	616.50
932000	619.10
933000	618.90
934000	619.30
935000	622.80
936000	618.30
937000	620.50
938000	619.20
939000	623.10
940000	624.50
941000	628.40
942000	623.20
943000	625.60
944000	627.50
945000	629.00
946000	626.30
947000	627.60
948000	628.00
949000	630.50
950000	628.90
951000	631.60
952000	634.70
953000	630.80
954000	633.00
955000	632.40
956000	631.80
957000	631.80
958000	638.80
959000	637.30
960000	642.10
961000	637.60
962000	636.40
963000	638.60
964000	639.50
965000	641.40
966000	641.60
967000	644.80
968000	642.90
969000	641.50
970000	644.80
971000	643.50
972000	645.00
973000	643.60
974000	649.60
975000	643.30
976000	644.60
977000	644.40
978000	647.50
979000	644.30
980000	649.00
981000	646.70
982000	653.90
983000	651.00
984000	653.20
985000	652.30
986000	655.60
987000	654.20
988000	656.60
989000	654.40
990000	654.10
991000	719.50
992000	714.20
993000	713.40
994000	657.70
995000	660.40
996000	663.20
997000	661.70
998000	661.00
999000	665.10
1000000	663.90
