# Array Size	Time Taken (microseconds)
10000	0.00
20000	0.00
30000	0.00
40000	0.00
50000	1.00
60000	0.00
70000	1.00
80000	0.00
90000	1.00
100000	0.00
110000	0.00
120000	0.00
130000	0.00
140000	0.00
150000	0.00
160000	0.00
170000	1.00
180000	0.00
190000	0.00
200000	1.00
210000	0.00
220000	0.00
230000	0.00
240000	0.00
250000	1.00
260000	0.00
270000	1.00
280000	0.00
290000	1.00
300000	1.00
310000	0.00
320000	0.00
330000	1.00
340000	1.00
350000	1.00
360000	0.00
370000	0.00
380000	0.00
390000	0.00
400000	1.00
410000	1.00
420000	1.00
430000	0.00
440000	1.00
450000	1.00
460000	1.00
470000	1.00
480000	1.00
490000	0.00
500000	0.00
510000	1.00
520000	1.00
530000	1.00
540000	1.00
550000	1.00
560000	0.00
570000	1.00
580000	0.00
590000	1.00
600000	1.00
610000	1.00
620000	0.00
630000	1.00
640000	1.00
650000	0.00
660000	1.00
670000	0.00
680000	0.00
690000	0.00
700000	1.00
710000	1.00
720000	1.00
730000	1.00
740000	2.00
750000	1.00
760000	0.00
770000	1.00
780000	1.00
790000	1.00
800000	1.00
810000	1.00
820000	1.00
830000	1.00
840000	0.00
850000	1.00
860000	1.00
870000	0.00
880000	0.00
890000	1.00
900000	1.00
910000	1.00
920000	0.00
930000	0.00
940000	1.00
950000	1.00
960000	1.00
970000	1.00
980000	0.00
990000	1.00
1000000	1.00
