# Array Size	Time Taken (microseconds)
10000	7.00
20000	13.00
30000	30.00
40000	25.00
50000	31.00
60000	38.00
70000	44.00
80000	50.00
90000	69.00
100000	63.00
110000	69.00
120000	75.00
130000	81.00
140000	88.00
150000	94.00
160000	102.00
170000	107.00
180000	119.00
190000	132.00
200000	131.00
210000	148.00
220000	138.00
230000	143.00
240000	150.00
250000	156.00
260000	162.00
270000	169.00
280000	175.00
290000	181.00
300000	187.00
310000	233.00
320000	199.00
330000	205.00
340000	211.00
350000	218.00
360000	225.00
370000	230.00
380000	253.00
390000	243.00
400000	275.00
410000	275.00
420000	275.00
430000	282.00
440000	290.00
450000	280.00
460000	293.00
470000	292.00
480000	311.00
490000	305.00
500000	311.00
510000	318.00
520000	337.00
530000	330.00
540000	336.00
550000	342.00
560000	348.00
570000	368.00
580000	360.00
590000	367.00
600000	388.00
610000	387.00
620000	386.00
630000	407.00
640000	399.00
650000	405.00
660000	424.00
670000	417.00
680000	422.00
690000	429.00
700000	435.00
710000	442.00
720000	463.00
730000	479.00
740000	460.00
750000	487.00
760000	483.00
770000	492.00
780000	492.00
790000	491.00
800000	498.00
810000	514.00
820000	509.00
830000	516.00
840000	522.00
850000	546.00
860000	541.00
870000	541.00
880000	555.00
890000	554.00
900000	586.00
910000	581.00
920000	582.00
930000	578.00
940000	591.00
950000	608.00
960000	617.00
970000	625.00
980000	627.00
990000	655.00
1000000	621.00
